0.000000000000000000e+00,5.140127614667906464e+00
1.499365502279274842e-02,5.056089979635989273e+00
2.998731004558549684e-02,5.012689144327133306e+00
4.498096506837824526e-02,4.969459437681236658e+00
5.997462009117099369e-02,4.928252874747146350e+00
7.496827511396374211e-02,4.888618531405578338e+00
8.996193013675649053e-02,4.849607937105846922e+00
1.049555851595492389e-01,4.811219683547780512e+00
1.199492401823419874e-01,4.769445855555630054e+00
1.349428952051347497e-01,4.728346906567418628e+00
1.499365502279274842e-01,4.687956038894473210e+00
1.649302052507202188e-01,4.648621722260521061e+00
1.799238602735129811e-01,4.611827266610474041e+00
1.949175152963057434e-01,4.575586879574233379e+00
2.099111703190984779e-01,4.539916128339019252e+00
2.249048253418912124e-01,4.504282432838618178e+00
2.398984803646839747e-01,4.465382367741389302e+00
2.548921353874767370e-01,4.427210113321436324e+00
2.698857904102694993e-01,4.389688797970535461e+00
2.848794454330622061e-01,4.352802716786425385e+00
2.998731004558549684e-01,4.318452792948019869e+00
3.148667554786477307e-01,4.285050111967605879e+00
3.298604105014404375e-01,4.252157876913511991e+00
3.448540655242331998e-01,4.219770481950640750e+00
3.598477205470259621e-01,4.186873079847131862e+00
3.748413755698187244e-01,4.150827766795089246e+00
3.898350305926114867e-01,4.115456636764736054e+00
4.048286856154041935e-01,4.080686760888218245e+00
4.198223406381969558e-01,4.046503709243507885e+00
4.348159956609897181e-01,4.013567501687050232e+00
4.498096506837824249e-01,3.982962220089131922e+00
4.648033057065751872e-01,3.952796779959191653e+00
4.797969607293679495e-01,3.923088513826137547e+00
4.947906157521607118e-01,3.893826684076745259e+00
5.097842707749534741e-01,3.865001284556397465e+00
5.247779257977461809e-01,3.831844336276740481e+00
5.397715808205389987e-01,3.798977541772895261e+00
5.547652358433317055e-01,3.766677953575725546e+00
5.697588908661244123e-01,3.734926852254964125e+00
5.847525458889172301e-01,3.703710412717285738e+00
5.997462009117099369e-01,3.673357780997402955e+00
6.147398559345026436e-01,3.645808222986800295e+00
6.297335109572954615e-01,3.618637432264371956e+00
6.447271659800881682e-01,3.591872058190019423e+00
6.597208210028808750e-01,3.565502561020965633e+00
6.747144760256736928e-01,3.539520208982514404e+00
6.897081310484663996e-01,3.513916517907516024e+00
7.047017860712592174e-01,3.485264123163334116e+00
7.196954410940519242e-01,3.456510876095852502e+00
7.346890961168446310e-01,3.428635849950651515e+00
7.496827511396374488e-01,3.401650293161115446e+00
7.646764061624301556e-01,3.375446646399498540e+00
7.796700611852229734e-01,3.350055572524862857e+00
7.946637162080156802e-01,3.325406090576550344e+00
8.096573712308083870e-01,3.298192434359662251e+00
8.246510262536012048e-01,3.270818273986720204e+00
8.396446812763939116e-01,3.244287480851352434e+00
8.546383362991866184e-01,3.218552165142794852e+00
8.696319913219794362e-01,3.193624482119732377e+00
8.846256463447721430e-01,3.169448668242310863e+00
8.996193013675648498e-01,3.145977096101176596e+00
9.146129563903576676e-01,3.123184036693630095e+00
9.296066114131503744e-01,3.096950278705261184e+00
9.446002664359431922e-01,3.071116826949054524e+00
9.595939214587358990e-01,3.046086602398875076e+00
9.745875764815286058e-01,3.021821020797520241e+00
9.895812315043214236e-01,2.998289690750595593e+00
1.004574886527114241e+00,2.975463612860676399e+00
1.019568541549906948e+00,2.953315179367673515e+00
1.034562196572699655e+00,2.931818079991005632e+00
1.049555851595492362e+00,2.910947215895159257e+00
1.064549506618285069e+00,2.885869366323915219e+00
1.079543161641077997e+00,2.861576117076345849e+00
1.094536816663870704e+00,2.838041638922081500e+00
1.109530471686663411e+00,2.815233313994673026e+00
1.124524126709456118e+00,2.793119645432969644e+00
1.139517781732248825e+00,2.771657522638312887e+00
1.154511436755041531e+00,2.750848848895947274e+00
1.169505091777834460e+00,2.730658434561495262e+00
1.184498746800627167e+00,2.711058884148581427e+00
1.199492401823419874e+00,2.692025686274827301e+00
1.214486056846212580e+00,2.669852875729782138e+00
1.229479711869005287e+00,2.646873668499455157e+00
1.244473366891798216e+00,2.624638379748755135e+00
1.259467021914590923e+00,2.603089544835303304e+00
1.274460676937383630e+00,2.582195257554745105e+00
1.289454331960176336e+00,2.561962205550563088e+00
1.304447986982969043e+00,2.542352581057084393e+00
1.319441642005761750e+00,2.523313559290810915e+00
1.334435297028554679e+00,2.504820104611864551e+00
1.349428952051347386e+00,2.486846307348817842e+00
1.364422607074140092e+00,2.469414364161952147e+00
1.379416262096932799e+00,2.452512693958466716e+00
1.394409917119725506e+00,2.433012860588681825e+00
1.409403572142518435e+00,2.411559876236743172e+00
1.424397227165311142e+00,2.390864445572139729e+00
1.439390882188103848e+00,2.370863764031166276e+00
1.454384537210896555e+00,2.351439743935576754e+00
1.469378192233689262e+00,2.332569346601018001e+00
1.484371847256482191e+00,2.314392303348240088e+00
1.499365502279274898e+00,2.296696748010992106e+00
1.514359157302067604e+00,2.279457372081185262e+00
1.529352812324860311e+00,2.262852713497352841e+00
1.544346467347653018e+00,2.246667188596143117e+00
1.559340122370445947e+00,2.230904184081297092e+00
1.574333777393238654e+00,2.215696130292129862e+00
1.589327432416031360e+00,2.200833439011798287e+00
1.604321087438824067e+00,2.186417462718006632e+00
1.619314742461616774e+00,2.168453364856819388e+00
1.634308397484409481e+00,2.148941925322854996e+00
1.649302052507202410e+00,2.130281253466604241e+00
1.664295707529995116e+00,2.112064957035868940e+00
1.679289362552787823e+00,2.094517102594748437e+00
1.694283017575580530e+00,2.077467972827523823e+00
1.709276672598373237e+00,2.060939731833212996e+00
1.724270327621166166e+00,2.044954272280403718e+00
1.739263982643958872e+00,2.029375305514228067e+00
1.754257637666751579e+00,2.014355250327882541e+00
1.769251292689544286e+00,1.999657510316093179e+00
1.784244947712336993e+00,1.985519550030208968e+00
1.799238602735129700e+00,1.971651695080218314e+00
1.814232257757922628e+00,1.958311319563679875e+00
1.829225912780715335e+00,1.945214952207197090e+00
1.844219567803508042e+00,1.932598633736165805e+00
1.859213222826300749e+00,1.920228581534836554e+00
1.874206877849093456e+00,1.908273411803142583e+00
1.889200532871886384e+00,1.896595276770350891e+00
1.904194187894679091e+00,1.882217969463984897e+00
1.919187842917471798e+00,1.864978821334110304e+00
1.934181497940264505e+00,1.848221856436144339e+00
1.949175152963057212e+00,1.832209332943401492e+00
1.964168807985850140e+00,1.816467264003435389e+00
1.979162463008642847e+00,1.801466426609458882e+00
1.994156118031435554e+00,1.786775116920493733e+00
2.009149773054228483e+00,1.772555476269262353e+00
2.024143428077020967e+00,1.758845075296942007e+00
2.039137083099813896e+00,1.745342451173955922e+00
2.054130738122606381e+00,1.732516148894198915e+00
2.069124393145399310e+00,1.719907377380565983e+00
2.084118048168192239e+00,1.707634880512710618e+00
2.099111703190984723e+00,1.695868513795206978e+00
2.114105358213777652e+00,1.684259427032315237e+00
2.129099013236570137e+00,1.673087140621781765e+00
2.144092668259363066e+00,1.662250088033736750e+00
2.159086323282155995e+00,1.651550748736354324e+00
2.174079978304948479e+00,1.641326565788034708e+00
2.189073633327741408e+00,1.631334688051338411e+00
2.204067288350533893e+00,1.621463033142428678e+00
2.219060943373326822e+00,1.612051848370475993e+00
2.234054598396119307e+00,1.602836700689466820e+00
2.249048253418912235e+00,1.593725778497798062e+00
2.264041908441705164e+00,1.585007694116507437e+00
2.279035563464497649e+00,1.576513334788369525e+00
2.294029218487290578e+00,1.568108283728911312e+00
2.309022873510083063e+00,1.558215638219094146e+00
2.324016528532875991e+00,1.546406137592551966e+00
2.339010183555668920e+00,1.534805888246668193e+00
2.354003838578461405e+00,1.523384119255795976e+00
2.368997493601254334e+00,1.512709403882678494e+00
2.383991148624046819e+00,1.502175727341688027e+00
2.398984803646839747e+00,1.491788919342456055e+00
2.413978458669632676e+00,1.481768288889364404e+00
2.428972113692425161e+00,1.472205207547055972e+00
2.443965768715218090e+00,1.462760851713218679e+00
2.458959423738010575e+00,1.453437838912617464e+00
2.473953078760803503e+00,1.444544154855408546e+00
2.488946733783596432e+00,1.435967781260675036e+00
2.503940388806388917e+00,1.427490274343898635e+00
2.518934043829181846e+00,1.419113042751194875e+00
2.533927698851974331e+00,1.411111319535933273e+00
2.548921353874767259e+00,1.403422938915670271e+00
2.563915008897560188e+00,1.395815166986687395e+00
2.578908663920352673e+00,1.388290074062625612e+00
2.593902318943145602e+00,1.380249507792656649e+00
2.608895973965938087e+00,1.370471247741298360e+00
2.623889628988731015e+00,1.360858732236099433e+00
2.638883284011523500e+00,1.351380687030550476e+00
2.653876939034316429e+00,1.342034708158768685e+00
2.668870594057109358e+00,1.333229156929597536e+00
2.683864249079901843e+00,1.324760481746353191e+00
2.698857904102694771e+00,1.316396193603323939e+00
2.713851559125487256e+00,1.308137672491488823e+00
2.728845214148280185e+00,1.299982870921439604e+00
2.743838869171073114e+00,1.292348513070880056e+00
2.758832524193865599e+00,1.284976510539965977e+00
2.773826179216658527e+00,1.277686171483015221e+00
2.788819834239451012e+00,1.270478722205347522e+00
2.803813489262243941e+00,1.263352715266110149e+00
2.818807144285036870e+00,1.256510868564912231e+00
2.833800799307829354e+00,1.250099421997372451e+00
2.848794454330622283e+00,1.243748239367248765e+00
2.863788109353414768e+00,1.237461807436492478e+00
2.878781764376207697e+00,1.231239059335722530e+00
2.893775419399000626e+00,1.225079031070260394e+00
2.908769074421793110e+00,1.219279336986651030e+00
2.923762729444586039e+00,1.213765838627982152e+00
2.938756384467378524e+00,1.208298895496163317e+00
2.953750039490171453e+00,1.202881383275206773e+00
2.968743694512964382e+00,1.197512581434398760e+00
2.983737349535756866e+00,1.192191835133714850e+00
2.998731004558549795e+00,1.186647294497781946e+00
3.013724659581342280e+00,1.180120149690285780e+00
3.028718314604135209e+00,1.173778260141861596e+00
3.043711969626928138e+00,1.167597612349026370e+00
3.058705624649720622e+00,1.161569220266482461e+00
3.073699279672513551e+00,1.155697890358567959e+00
3.088692934695306036e+00,1.149965243742363530e+00
3.103686589718098965e+00,1.144377359869242827e+00
3.118680244740891894e+00,1.138920155742348284e+00
3.133673899763684378e+00,1.133590401120443625e+00
3.148667554786477307e+00,1.128393274290691028e+00
3.163661209809269792e+00,1.123321427160240082e+00
3.178654864832062721e+00,1.118366371356325217e+00
3.193648519854855206e+00,1.113525134293544827e+00
3.208642174877648134e+00,1.108803316243866188e+00
3.223635829900441063e+00,1.103890985749399922e+00
3.238629484923233548e+00,1.098460057471084994e+00
3.253623139946026477e+00,1.093169986970707663e+00
3.268616794968818962e+00,1.088007136099151451e+00
3.283610449991611890e+00,1.082968886002631415e+00
3.298604105014404819e+00,1.078056909625309201e+00
3.313597760037197304e+00,1.073260673958951861e+00
3.328591415059990233e+00,1.068576967320851390e+00
3.343585070082782718e+00,1.064002565419865043e+00
3.358578725105575646e+00,1.059533572829913561e+00
3.373572380128368575e+00,1.055166657902850025e+00
3.388566035151161060e+00,1.050899966781233763e+00
3.403559690173953989e+00,1.046730584516302853e+00
3.418553345196746474e+00,1.042655682531907102e+00
3.433547000219539402e+00,1.038670625906891187e+00
3.448540655242332331e+00,1.034772562432642928e+00
3.463534310265124816e+00,1.030961010180238224e+00
3.478527965287917745e+00,1.027233336859964652e+00
3.493521620310710230e+00,1.023586990820511744e+00
3.508515275333503158e+00,1.019913847384004146e+00
3.523508930356296087e+00,1.015622355940045018e+00
3.538502585379088572e+00,1.011448107016236886e+00
3.553496240401881501e+00,1.007369277785590933e+00
3.568489895424673986e+00,1.003382165186549546e+00
3.583483550447466914e+00,9.994835542016570207e-01
3.598477205470259399e+00,9.956692976616752233e-01
3.613470860493052328e+00,9.919352915233532464e-01
3.628464515515845257e+00,9.882903902041831889e-01
3.643458170538637741e+00,9.847300679277106727e-01
3.658451825561430670e+00,9.812441762977898163e-01
3.673445480584223155e+00,9.778298647805359067e-01
3.688439135607016084e+00,9.744861625123362181e-01
3.703432790629809013e+00,9.712291942257944566e-01
3.718426445652601497e+00,9.680362526484345143e-01
3.733420100675394426e+00,9.649047782613857649e-01
3.748413755698186911e+00,9.618420964683348506e-01
3.763407410720979840e+00,9.588529167604966652e-01
3.778401065743772769e+00,9.559180309292756306e-01
3.793394720766565253e+00,9.530384675947306539e-01
3.808388375789358182e+00,9.502333668821592028e-01
3.823382030812150667e+00,9.474755946950930152e-01
3.838375685834943596e+00,9.447684053209021160e-01
3.853369340857736525e+00,9.421333224741221812e-01
3.868362995880529009e+00,9.395389796967161811e-01
3.883356650903321938e+00,9.369993474230864372e-01
3.898350305926114423e+00,9.345181860728224432e-01
3.913343960948907352e+00,9.320161154020851768e-01
3.928337615971700281e+00,9.290168112879787499e-01
3.943331270994492765e+00,9.260748899612432083e-01
3.958324926017285694e+00,9.231965306393490334e-01
3.973318581040078179e+00,9.203856210414836925e-01
3.988312236062871108e+00,9.176160374251177698e-01
4.003305891085664037e+00,9.149288305210876437e-01
4.018299546108456965e+00,9.122691991780945697e-01
4.033293201131249006e+00,9.096938649416252964e-01
4.048286856154041935e+00,9.071450790270026987e-01
4.063280511176834864e+00,9.046683393955100572e-01
4.078274166199627793e+00,9.022223153829587172e-01
4.093267821222420721e+00,8.998433185205069185e-01
4.108261476245212762e+00,8.974945527694963010e-01
4.123255131268005691e+00,8.952106035417629615e-01
4.138248786290798620e+00,8.929520912213684269e-01
4.153242441313591549e+00,8.907607414102989285e-01
4.168236096336384477e+00,8.885855404703835170e-01
4.183229751359176518e+00,8.864845475356737392e-01
4.198223406381969447e+00,8.843925886234087486e-01
4.213217061404762376e+00,8.823729261512829325e-01
4.228210716427555305e+00,8.803684094101263957e-01
4.243204371450348233e+00,8.784167950864391061e-01
4.258198026473140274e+00,8.764977618921035996e-01
4.273191681495933203e+00,8.746071451517866135e-01
4.288185336518726132e+00,8.727717684654066055e-01
4.303178991541519061e+00,8.709434312779646969e-01
4.318172646564311989e+00,8.691814108905796532e-01
4.333166301587104030e+00,8.674340848536393755e-01
4.348159956609896959e+00,8.657174568923158287e-01
4.363153611632689888e+00,8.640498993791030369e-01
4.378147266655482817e+00,8.623881691488075596e-01
4.393140921678274857e+00,8.607816084105572862e-01
4.408134576701067786e+00,8.591972859889704939e-01
4.423128231723860715e+00,8.576197995160402821e-01
4.438121886746653644e+00,8.561119379458742573e-01
4.453115541769446573e+00,8.546084548764024680e-01
4.468109196792238613e+00,8.531218095933968959e-01
4.483102851815031542e+00,8.516924282473083974e-01
4.498096506837824471e+00,8.502670858657864761e-01
4.513090161860617400e+00,8.488601975544927125e-01
4.528083816883410329e+00,8.475073260472680836e-01
4.543077471906202369e+00,8.461580548735403440e-01
4.558071126928995298e+00,8.448202613950367423e-01
4.573064781951788227e+00,8.435426690894251012e-01
4.588058436974581156e+00,8.422681284036432903e-01
4.603052091997374085e+00,8.409974717288630774e-01
4.618045747020166125e+00,8.396096810305264668e-01
4.633039402042959054e+00,8.382084588063495323e-01
4.648033057065751983e+00,8.368122044270978055e-01
4.663026712088544912e+00,8.354522709370355571e-01
4.678020367111337841e+00,8.341368339582063696e-01
4.693014022134129881e+00,8.328249633318984824e-01
4.708007677156922810e+00,8.315172480244815700e-01
4.723001332179715739e+00,8.302725351858881719e-01
4.737994987202508668e+00,8.290425675077748302e-01
4.752988642225301597e+00,8.278160980701187999e-01
4.767982297248093637e+00,8.265946509536346021e-01
4.782975952270886566e+00,8.254454680947126421e-01
4.797969607293679495e+00,8.242984746151220676e-01
4.812963262316472424e+00,8.231546995630386609e-01
4.827956917339265352e+00,8.220141139900436489e-01
4.842950572362057393e+00,8.209449134370085943e-01
4.857944227384850322e+00,8.198791514181484885e-01
4.872937882407643251e+00,8.188161605957349209e-01
4.887931537430436180e+00,8.177559398390912282e-01
4.902925192453229108e+00,8.166982866917628092e-01
4.917918847476021149e+00,8.156432917066924748e-01
4.932912502498814078e+00,8.145910360872055112e-01
4.947906157521607007e+00,8.135415077907655057e-01
4.962899812544399936e+00,8.124998443104467505e-01
4.977893467567192864e+00,8.115286533684125114e-01
4.992887122589984905e+00,8.105587856672284985e-01
5.007880777612777834e+00,8.095912616286971009e-01
5.022874432635570763e+00,8.086260575431740705e-01
5.037868087658363692e+00,8.076723730045822780e-01
5.052861742681156620e+00,8.067835530308968828e-01
5.067855397703948661e+00,8.058957662529240284e-01
5.082849052726741590e+00,8.050099558796474097e-01
5.097842707749534519e+00,8.041261012596869762e-01
5.112836362772327448e+00,8.032441961138658826e-01
5.127830017795120376e+00,8.024204224884884384e-01
5.142823672817912417e+00,8.016124810159631631e-01
5.157817327840705346e+00,8.008059632987948318e-01
5.172810982863498275e+00,8.000010786990796596e-01
5.187804637886291204e+00,7.991978190770631096e-01
5.202798292909084132e+00,7.983961795499239233e-01
5.217791947931876173e+00,7.976657401577893491e-01
5.232785602954669102e+00,7.969365887607113841e-01
5.247779257977462031e+00,7.962087768725037984e-01
5.262772913000254960e+00,7.954822999774885384e-01
5.277766568023047000e+00,7.947571544075466843e-01
5.292760223045839929e+00,7.940333364956818629e-01
5.307753878068632858e+00,7.933132151767422480e-01
5.322747533091425787e+00,7.926048290726691592e-01
5.337741188114218716e+00,7.919074509241326165e-01
5.352734843137010756e+00,7.912222026484067028e-01
5.367728498159803685e+00,7.905480638563338047e-01
5.382722153182596614e+00,7.898847585976026542e-01
5.397715808205389543e+00,7.892331571937362122e-01
5.412709463228182472e+00,7.885913113318067102e-01
5.427703118250974512e+00,7.879599975523613464e-01
5.442696773273767441e+00,7.873395134206538915e-01
5.457690428296560370e+00,7.867287126611862691e-01
5.472684083319353299e+00,7.861275101297265921e-01
5.487677738342146228e+00,7.855372301775342958e-01
5.502671393364938268e+00,7.849562316142024709e-01
5.517665048387731197e+00,7.843844277288373190e-01
5.532658703410524126e+00,7.838096787122281750e-01
5.547652358433317055e+00,7.832406562540961126e-01
5.562646013456109984e+00,7.826814146497010904e-01
5.577639668478902024e+00,7.821310964775425312e-01
5.592633323501694953e+00,7.815895933575184307e-01
5.607626978524487882e+00,7.810567846338362097e-01
5.622620633547280811e+00,7.805325486011304159e-01
5.637614288570073739e+00,7.800167622300384629e-01
5.652607943592865780e+00,7.795093010589894122e-01
5.667601598615658709e+00,7.790099338182033817e-01
5.682595253638451638e+00,7.785186205812677507e-01
5.697588908661244567e+00,7.780352505635231841e-01
5.712582563684037495e+00,7.775596920604901374e-01
5.727576218706829536e+00,7.770918115772484924e-01
5.742569873729622465e+00,7.766313363055949992e-01
5.757563528752415394e+00,7.761782551769841332e-01
5.772557183775208323e+00,7.757324414719146688e-01
5.787550838798001251e+00,7.752937515459600304e-01
5.802544493820793292e+00,7.748620390620890586e-01
5.817538148843586221e+00,7.744303106262079295e-01
5.832531803866379150e+00,7.740000905343633608e-01
5.847525458889172079e+00,7.735766677334485752e-01
5.862519113911965007e+00,7.731597959124900665e-01
5.877512768934757048e+00,7.727496124778578945e-01
5.892506423957549977e+00,7.723468093993139938e-01
5.907500078980342906e+00,7.719500329463739874e-01
5.922493734003135835e+00,7.715592230818678621e-01
5.937487389025928763e+00,7.711742426114135407e-01
5.952481044048720804e+00,7.707949026295290995e-01
5.967474699071513733e+00,7.704230508208620432e-01
5.982468354094306662e+00,7.700567141500432866e-01
5.997462009117099591e+00,7.696956038207831696e-01
6.012455664139892519e+00,7.693395151310200575e-01
6.027449319162684560e+00,7.689905847739294531e-01
6.042442974185477489e+00,7.686467966932909457e-01
6.057436629208270418e+00,7.683075744088631032e-01
6.072430284231063347e+00,7.679738656372149253e-01
6.087423939253856275e+00,7.676464556958499941e-01
6.102417594276648316e+00,7.673230298741919864e-01
6.117411249299441245e+00,7.670042329220384536e-01
6.132404904322234174e+00,7.666919661688867960e-01
6.147398559345027103e+00,7.663832362066070880e-01
6.162392214367820031e+00,7.660794706362850093e-01
6.177385869390612072e+00,7.657814489451252316e-01
6.192379524413405001e+00,7.654864114416000120e-01
6.207373179436197930e+00,7.651975878780953311e-01
6.222366834458990859e+00,7.649083615483437404e-01
6.237360489481783787e+00,7.646188672648466245e-01
6.252354144504575828e+00,7.643357365614379395e-01
6.267347799527368757e+00,7.640547017220837844e-01
6.282341454550161686e+00,7.637805258240060180e-01
6.297335109572954615e+00,7.635087940738931600e-01
6.312328764595746655e+00,7.632422580944732138e-01
6.327322419618539584e+00,7.629794511433940496e-01
6.342316074641332513e+00,7.627205281056347319e-01
6.357309729664125442e+00,7.624661346920524885e-01
6.372303384686918371e+00,7.622146431849766701e-01
6.387297039709710411e+00,7.619682706053531041e-01
6.402290694732503340e+00,7.617243491417816648e-01
6.417284349755296269e+00,7.614855518858375527e-01
6.432278004778089198e+00,7.612491035357679126e-01
6.447271659800882126e+00,7.610173871914197585e-01
6.462265314823674167e+00,7.607883955127865416e-01
6.477258969846467096e+00,7.605632995575468680e-01
6.492252624869260025e+00,7.603418187674684248e-01
6.507246279892052954e+00,7.601228581721157784e-01
6.522239934914845882e+00,7.599089365150049069e-01
6.537233589937637923e+00,7.596955665914069122e-01
6.552227244960430852e+00,7.594891175273247308e-01
6.567220899983223781e+00,7.592826750486061371e-01
6.582214555006016710e+00,7.590816508516051719e-01
6.597208210028809638e+00,7.588826215717534573e-01
6.612201865051601679e+00,7.586858729570495896e-01
6.627195520074394608e+00,7.584942548614781455e-01
6.642189175097187537e+00,7.583026545783465577e-01
6.657182830119980466e+00,7.581168865336117557e-01
6.672176485142773394e+00,7.579326775166891350e-01
6.687170140165565435e+00,7.577497665541914618e-01
6.702163795188358364e+00,7.575729188749111831e-01
6.717157450211151293e+00,7.573960609487270235e-01
6.732151105233944222e+00,7.572225454193057814e-01
6.747144760256737150e+00,7.570530746548294054e-01
6.762138415279529191e+00,7.568836169977739559e-01
6.777132070302322120e+00,7.567186180701721554e-01
6.792125725325115049e+00,7.565564300798315323e-01
6.807119380347907978e+00,7.563942661113267629e-01
6.822113035370700906e+00,7.562368057584289982e-01
6.837106690393492947e+00,7.560818906375218473e-01
6.852100345416285876e+00,7.559269964475238135e-01
6.867094000439078805e+00,7.557760972620781725e-01
6.882087655461871734e+00,7.556285173882769657e-01
6.897081310484664662e+00,7.554809412599666762e-01
6.912074965507456703e+00,7.553346248602609281e-01
6.927068620530249632e+00,7.551913226774695787e-01
6.942062275553042561e+00,7.550480263796270908e-01
6.957055930575835490e+00,7.549047807045579095e-01
6.972049585598628418e+00,7.547680004152542699e-01
6.987043240621420459e+00,7.546321529349744317e-01
7.002036895644213388e+00,7.544963369468863368e-01
7.017030550667006317e+00,7.543624698585716937e-01
7.032024205689799246e+00,7.542340040587233174e-01
7.047017860712592174e+00,7.541054971209737445e-01
7.062011515735384215e+00,7.539770300120952617e-01
7.077005170758177144e+00,7.538518759501126043e-01
7.091998825780970073e+00,7.537307274849842642e-01
7.106992480803763002e+00,7.536095529254883685e-01
7.121986135826555930e+00,7.534884122501636083e-01
7.136979790849347971e+00,7.533702989697076413e-01
7.151973445872140900e+00,7.532565598458521583e-01
7.166967100894933829e+00,7.531427848350537024e-01
7.181960755917726758e+00,7.530290395484325883e-01
7.196954410940518798e+00,7.529160560323804319e-01
7.211948065963311727e+00,7.528095997601916833e-01
7.226941720986104656e+00,7.527030706627151346e-01
7.241935376008897585e+00,7.525965669420570103e-01
7.256929031031690513e+00,7.524900871284085913e-01
7.271922686054482554e+00,7.523873159057115068e-01
7.286916341077275483e+00,7.522881999162693845e-01
7.301909996100068412e+00,7.521890501875772017e-01
7.316903651122861341e+00,7.520899216056879943e-01
7.331897306145654269e+00,7.519908133472703593e-01
7.346890961168446310e+00,7.518957813291593517e-01
7.361884616191239239e+00,7.518039307190099718e-01
7.376878271214032168e+00,7.517120490716072689e-01
7.391871926236825097e+00,7.516201841842918840e-01
7.406865581259618025e+00,7.515283353414435874e-01
7.421859236282410066e+00,7.514380955728481304e-01
7.436852891305202995e+00,7.513535387280271260e-01
7.451846546327995924e+00,7.512689097312459374e-01
7.466840201350788853e+00,7.511842942161565118e-01
7.481833856373581781e+00,7.510996909058905713e-01
7.496827511396373822e+00,7.510150998168200198e-01
7.511821166419166751e+00,7.509335787577886556e-01
7.526814821441959680e+00,7.508563251121120885e-01
7.541808476464752609e+00,7.507790177819904098e-01
7.556802131487545537e+00,7.507017210639819194e-01
7.571795786510337578e+00,7.506244339996253068e-01
7.586789441533130507e+00,7.505471566014569884e-01
7.601783096555923436e+00,7.504700657551888199e-01
7.616776751578716365e+00,7.503961051151490924e-01
7.631770406601509293e+00,7.503231100638396711e-01
7.646764061624301334e+00,7.502512963725540551e-01
7.661757716647094263e+00,7.501804401491620755e-01
7.676751371669887192e+00,7.501107013765850873e-01
7.691745026692680121e+00,7.500419538288060073e-01
7.706738681715473049e+00,7.499741660784005060e-01
7.721732336738265090e+00,7.499074744005382875e-01
7.736725991761058019e+00,7.498416462302482932e-01
7.751719646783850948e+00,7.497766107187188167e-01
7.766713301806643877e+00,7.497126234286306534e-01
7.781706956829436805e+00,7.496495253367305711e-01
7.796700611852228846e+00,7.495873111510773512e-01
7.811694266875021775e+00,7.495259769307265341e-01
7.826687921897814704e+00,7.494656356940357922e-01
7.841681576920607633e+00,7.494061459234946376e-01
7.856675231943400561e+00,7.493475014746410201e-01
7.871668886966192602e+00,7.492896939932081057e-01
7.886662541988985531e+00,7.492327149542367115e-01
7.901656197011778460e+00,7.491763825963237977e-01
7.916649852034571389e+00,7.491208906842252713e-01
7.931643507057364317e+00,7.490662090686700525e-01
7.946637162080156358e+00,7.490123108841421073e-01
7.961630817102949287e+00,7.489591864486964123e-01
7.976624472125742216e+00,7.489068255494266690e-01
7.991618127148535144e+00,7.488552176935460158e-01
8.006611782171328073e+00,7.488043520914094975e-01
8.021605437194120114e+00,7.487542176427378626e-01
8.036599092216913931e+00,7.487048029219388612e-01
8.051592747239705972e+00,7.486560961625321475e-01
8.066586402262498012e+00,7.486080549250423433e-01
8.081580057285291829e+00,7.485605817314118227e-01
8.096573712308083870e+00,7.485136805679551975e-01
8.111567367330877687e+00,7.484674476471814275e-01
8.126561022353669728e+00,7.484219421080492429e-01
8.141554677376461768e+00,7.483770803823600604e-01
8.156548332399255585e+00,7.483328492660141773e-01
8.171541987422047626e+00,7.482892340156576116e-01
8.186535642444841443e+00,7.482462193919957594e-01
8.201529297467633484e+00,7.482037896157971435e-01
8.216522952490425524e+00,7.481619565843260489e-01
8.231516607513219341e+00,7.481208311049538651e-01
8.246510262536011382e+00,7.480802550392147143e-01
8.261503917558805199e+00,7.480402129047195592e-01
8.276497572581597240e+00,7.480006864122484833e-01
8.291491227604389280e+00,7.479617842801871141e-01
8.306484882627183097e+00,7.479230483275499664e-01
8.321478537649975138e+00,7.478847061765082627e-01
8.336472192672768955e+00,7.478468254232838452e-01
8.351465847695560996e+00,7.478096087561187932e-01
8.366459502718353036e+00,7.477729085051910696e-01
8.381453157741146853e+00,7.477366229751328808e-01
8.396446812763938894e+00,7.477008796903275023e-01
8.411440467786732711e+00,7.476657303104096153e-01
8.426434122809524752e+00,7.476309456481531335e-01
8.441427777832316792e+00,7.475966772208844091e-01
8.456421432855110609e+00,7.475628701974590395e-01
8.471415087877902650e+00,7.475293160366615064e-01
8.486408742900696467e+00,7.474962486933839356e-01
8.501402397923488508e+00,7.474636191676720109e-01
8.516396052946280548e+00,7.474312849352532373e-01
8.531389707969074365e+00,7.473996614578719555e-01
8.546383362991866406e+00,7.473682568509076862e-01
8.561377018014660223e+00,7.473374074242954412e-01
8.576370673037452264e+00,7.473069432126281386e-01
8.591364328060244304e+00,7.472768273054849475e-01
8.606357983083038121e+00,7.472472689871946239e-01
8.621351638105830162e+00,7.472178873802312049e-01
8.636345293128623979e+00,7.471891979219286162e-01
8.651338948151416020e+00,7.471605692219525086e-01
8.666332603174208060e+00,7.471323478590269351e-01
8.681326258197001877e+00,7.471041929286228456e-01
8.696319913219793918e+00,7.470767165189471370e-01
8.711313568242585959e+00,7.470493096897673491e-01
8.726307223265379776e+00,7.470225745765997072e-01
8.741300878288171816e+00,7.469958644771238498e-01
8.756294533310965633e+00,7.469698023723786440e-01
8.771288188333757674e+00,7.469437201287744132e-01
8.786281843356549714e+00,7.469181709592449536e-01
8.801275498379343531e+00,7.468926327410023713e-01
8.816269153402135572e+00,7.468676768933139032e-01
8.831262808424929389e+00,7.468428886759668206e-01
8.846256463447721430e+00,7.468184766530662211e-01
8.861250118470513470e+00,7.467944396591824630e-01
8.876243773493307287e+00,7.467704875372624951e-01
8.891237428516099328e+00,7.467470618595618559e-01
8.906231083538893145e+00,7.467236165008449555e-01
8.921224738561685186e+00,7.467006363526916823e-01
8.936218393584477226e+00,7.466778106185635311e-01
8.951212048607271043e+00,7.466551408808195234e-01
8.966205703630063084e+00,7.466330772235683089e-01
8.981199358652856901e+00,7.466109923844509444e-01
8.996193013675648942e+00,7.465893707256047174e-01
9.011186668698440982e+00,7.465680469438810141e-01
9.026180323721234799e+00,7.465467070077754785e-01
9.041173978744026840e+00,7.465257775914707628e-01
9.056167633766820657e+00,7.465048873634547721e-01
9.071161288789612698e+00,7.464840100338359097e-01
9.086154943812404738e+00,7.464637967069140956e-01
9.101148598835198555e+00,7.464435592583003043e-01
9.116142253857990596e+00,7.464233679333532878e-01
9.131135908880784413e+00,7.464039107182565136e-01
9.146129563903576454e+00,7.463844289399619303e-01
9.161123218926368494e+00,7.463649338882722972e-01
9.176116873949162311e+00,7.463462112492273981e-01
9.191110528971954352e+00,7.463274870988056975e-01
9.206104183994748169e+00,7.463087499362248689e-01
9.221097839017540210e+00,7.462902316661943480e-01
9.236091494040332250e+00,7.462717868302860547e-01
9.251085149063126067e+00,7.462533257435396417e-01
9.266078804085918108e+00,7.462350968826936271e-01
9.281072459108711925e+00,7.462174360818241148e-01
9.296066114131503966e+00,7.461997524199286413e-01
9.311059769154296006e+00,7.461820546906680063e-01
9.326053424177089823e+00,7.461647453762692006e-01
9.341047079199881864e+00,7.461475953078039458e-01
9.356040734222675681e+00,7.461304269371868969e-01
9.371034389245467722e+00,7.461132429078194406e-01
9.386028044268259762e+00,7.460965803943125918e-01
9.401021699291053579e+00,7.460799675235659789e-01
9.416015354313845620e+00,7.460633367205339317e-01
9.431009009336639437e+00,7.460466889924511902e-01
9.446002664359431478e+00,7.460307439516894457e-01
9.460996319382223518e+00,7.460149143750698375e-01
9.475989974405017335e+00,7.459990669063151225e-01
9.490983629427809376e+00,7.459832035311653176e-01
9.505977284450603193e+00,7.459674603667622028e-01
9.520970939473395234e+00,7.459518182511128970e-01
9.535964594496187274e+00,7.459361557197299319e-01
9.550958249518981091e+00,7.459204745816560012e-01
9.565951904541773132e+00,7.459047748118590171e-01
9.580945559564566949e+00,7.458898957802260199e-01
9.595939214587358990e+00,7.458750508920930500e-01
9.610932869610151030e+00,7.458601878690928055e-01
9.625926524632944847e+00,7.458453074906733482e-01
9.640920179655736888e+00,7.458304097468910765e-01
9.655913834678530705e+00,7.458159659219389948e-01
9.670907489701322746e+00,7.458015024535652460e-01
9.685901144724114786e+00,7.457870198936565886e-01
9.700894799746908603e+00,7.457725182357580751e-01
9.715888454769700644e+00,7.457579974817254431e-01
9.730882109792494461e+00,7.457438113890484388e-01
9.745875764815286502e+00,7.457297922580456984e-01
9.760869419838078542e+00,7.457157499920422650e-01
9.775863074860872359e+00,7.457016874210499191e-01
9.790856729883664400e+00,7.456876045047682311e-01
9.805850384906458217e+00,7.456735012455973921e-01
9.820844039929250258e+00,7.456601982291699571e-01
9.835837694952042298e+00,7.456470149063345598e-01
9.850831349974836115e+00,7.456338109344374798e-01
9.865825004997628156e+00,7.456205884029707409e-01
9.880818660020421973e+00,7.456073472823769865e-01
9.895812315043214014e+00,7.455940875746344121e-01
9.910805970066006054e+00,7.455806288659730940e-01
9.925799625088799871e+00,7.455670643267087172e-01
9.940793280111591912e+00,7.455536367444610679e-01
9.955786935134385729e+00,7.455403298996048367e-01
9.970780590157177770e+00,7.455271605565223503e-01
9.985774245179969810e+00,7.455141031556695719e-01
1.000076790020276363e+01,7.455011785615487385e-01
1.001576155522555567e+01,7.454883718622586919e-01
1.003075521024834948e+01,7.454756749767993407e-01
1.004574886527114153e+01,7.454626640177015595e-01
1.006074252029393357e+01,7.454494576496412117e-01
1.007573617531672738e+01,7.454363692293617394e-01
1.009072983033951942e+01,7.454234003715783929e-01
1.010572348536231324e+01,7.454105583454131434e-01
1.012071714038510528e+01,7.453978261719202969e-01
1.013571079540789732e+01,7.453852032749130885e-01
1.015070445043069114e+01,7.453726888020406616e-01
1.016569810545348318e+01,7.453602883460864748e-01
1.018069176047627700e+01,7.453480026716002849e-01
1.019568541549906904e+01,7.453354963875798989e-01
1.021067907052186108e+01,7.453223485250219937e-01
1.022567272554465490e+01,7.453093236265366794e-01
1.024066638056744694e+01,7.452964091050097162e-01
1.025566003559024075e+01,7.452836038848170697e-01
1.027065369061303279e+01,7.452709066672910110e-01
1.028564734563582483e+01,7.452583161031119952e-01
1.030064100065861865e+01,7.452458307874544330e-01
1.031563465568141069e+01,7.452334492576260239e-01
1.033062831070420451e+01,7.452211699905250120e-01
1.034562196572699655e+01,7.452089913999567772e-01
1.036061562074978859e+01,7.451969118337700149e-01
1.037560927577258241e+01,7.451844133118554758e-01
1.039060293079537445e+01,7.451713140952025416e-01
1.040559658581816826e+01,7.451580319190302948e-01
1.042059024084096031e+01,7.451448592885854261e-01
1.043558389586375235e+01,7.451317894580228307e-01
1.045057755088654616e+01,7.451188200266831707e-01
1.046557120590933820e+01,7.451059487788587177e-01
1.048056486093213202e+01,7.450932000387447962e-01
1.049555851595492406e+01,7.450805465678537187e-01
1.051055217097771610e+01,7.450679859168141128e-01
1.052554582600050992e+01,7.450555151368908335e-01
1.054053948102330196e+01,7.450431311490632869e-01
1.055553313604609400e+01,7.450308500130627953e-01
1.057052679106888782e+01,7.450186749246767715e-01
1.058552044609167986e+01,7.450065802054034458e-01
1.060051410111447368e+01,7.449941472885314164e-01
1.061550775613726572e+01,7.449806155079801151e-01
1.063050141116005776e+01,7.449672360420372952e-01
1.064549506618285157e+01,7.449539375666929253e-01
1.066048872120564361e+01,7.449407161758857532e-01
1.067548237622843743e+01,7.449276229863620591e-01
1.069047603125122947e+01,7.449146261055171747e-01
1.070546968627402151e+01,7.449016960539884824e-01
1.072046334129681533e+01,7.448888772045832996e-01
1.073545699631960737e+01,7.448761628335780483e-01
1.075045065134240119e+01,7.448633212649872215e-01
1.076544430636519323e+01,7.448498674968261346e-01
1.078043796138798527e+01,7.448359568635762873e-01
1.079543161641077909e+01,7.448217687986473656e-01
1.081042527143357113e+01,7.448077715756982187e-01
1.082541892645636494e+01,7.447938214520265499e-01
1.084041258147915698e+01,7.447799776308634545e-01
1.085540623650194902e+01,7.447662544118268668e-01
1.087039989152474284e+01,7.447525662157562509e-01
1.088539354654753488e+01,7.447390618699936127e-01
1.090038720157032870e+01,7.447255718891544474e-01
1.091538085659312074e+01,7.447122369206081727e-01
1.093037451161591278e+01,7.446989469634140990e-01
1.094536816663870660e+01,7.446857730572102874e-01
1.096036182166149864e+01,7.446718446280519155e-01
1.097535547668429246e+01,7.446570804797357779e-01
1.099034913170708450e+01,7.446424405276370617e-01
1.100534278672987654e+01,7.446278903490649581e-01
1.102033644175267035e+01,7.446134542228015629e-01
1.103533009677546239e+01,7.445991066350828858e-01
1.105032375179825621e+01,7.445846724032880726e-01
1.106531740682104825e+01,7.445701525991510472e-01
1.108031106184384029e+01,7.445552926735039545e-01
1.109530471686663411e+01,7.445398946719821165e-01
1.111029837188942615e+01,7.445245260617491256e-01
1.112529202691221997e+01,7.445093826137761939e-01
1.114028568193501201e+01,7.444941964152652636e-01
1.115527933695780405e+01,7.444792760828823353e-01
1.117027299198059787e+01,7.444643371909526186e-01
1.118526664700338991e+01,7.444489522569972539e-01
1.120026030202618372e+01,7.444332478075321724e-01
1.121525395704897576e+01,7.444174063345709857e-01
1.123024761207176780e+01,7.444010058515431183e-01
1.124524126709456162e+01,7.443845697699713604e-01
1.126023492211735366e+01,7.443683499937862047e-01
1.127522857714014748e+01,7.443522269638400690e-01
1.129022223216293952e+01,7.443360720613954040e-01
1.130521588718573156e+01,7.443202660702422646e-01
1.132020954220852538e+01,7.443044142929807760e-01
1.133520319723131742e+01,7.442880550459866074e-01
1.135019685225411123e+01,7.442706043135577376e-01
1.136519050727690328e+01,7.442531233466447294e-01
1.138018416229969532e+01,7.442355352971093962e-01
1.139517781732248913e+01,7.442178328274844379e-01
1.141017147234528117e+01,7.442000851701565667e-01
1.142516512736807499e+01,7.441825489465679899e-01
1.144015878239086703e+01,7.441652177597632978e-01
1.145515243741365907e+01,7.441478387198765532e-01
1.147014609243645289e+01,7.441306206973613557e-01
1.148513974745924493e+01,7.441136628248212759e-01
1.150013340248203875e+01,7.440966583654092803e-01
1.151512705750483079e+01,7.440792740753664480e-01
1.153012071252762283e+01,7.440598887215925661e-01
1.154511436755041665e+01,7.440404816934786947e-01
1.156010802257320869e+01,7.440210235579510778e-01
1.157510167759600250e+01,7.440019907289067147e-01
1.159009533261879454e+01,7.439830818357722197e-01
1.160508898764158658e+01,7.439641223067954279e-01
1.162008264266438040e+01,7.439450078433784697e-01
1.163507629768717244e+01,7.439250614037907772e-01
1.165006995270996626e+01,7.439050758942035158e-01
1.166506360773275830e+01,7.438850395283050920e-01
1.168005726275555034e+01,7.438647325222462747e-01
1.169505091777834416e+01,7.438438824960422746e-01
1.171004457280113620e+01,7.438229870680080902e-01
1.172503822782393001e+01,7.438020388440995667e-01
1.174003188284672206e+01,7.437812579545846070e-01
1.175502553786951410e+01,7.437610343576521732e-01
1.177001919289230791e+01,7.437407522387711190e-01
1.178501284791509995e+01,7.437204207620319307e-01
1.180000650293789377e+01,7.437000397970493504e-01
1.181500015796068581e+01,7.436765508557982018e-01
1.182999381298347785e+01,7.436529205247882635e-01
1.184498746800627167e+01,7.436292320069034512e-01
1.185998112302906371e+01,7.436054840732418958e-01
1.187497477805185753e+01,7.435820744245941194e-01
1.188996843307464957e+01,7.435593126959119115e-01
1.190496208809744161e+01,7.435364851966980160e-01
1.191995574312023543e+01,7.435136025477384614e-01
1.193494939814302747e+01,7.434906645985936979e-01
1.194994305316582128e+01,7.434668857864920044e-01
1.196493670818861332e+01,7.434419575825347293e-01
1.197993036321140536e+01,7.434169850525296219e-01
1.199492401823419918e+01,7.433919517725091630e-01
1.200991767325699122e+01,7.433668579957749545e-01
1.202491132827978504e+01,7.433415947405531687e-01
1.203990498330257708e+01,7.433149729643072634e-01
1.205489863832536912e+01,7.432883062232213955e-01
1.206989229334816294e+01,7.432615749947526496e-01
1.208488594837095498e+01,7.432347795795352097e-01
1.209987960339374879e+01,7.432079199834406014e-01
1.211487325841654084e+01,7.431814318089412508e-01
1.212986691343933288e+01,7.431560276482275240e-01
1.214486056846212669e+01,7.431305478715967139e-01
1.215985422348491873e+01,7.431050097312490443e-01
1.217484787850771255e+01,7.430794129795353919e-01
1.218984153353050459e+01,7.430537576290381363e-01
1.220483518855329663e+01,7.430280436884825201e-01
1.221982884357609045e+01,7.429976639982067699e-01
1.223482249859888249e+01,7.429671521139409318e-01
1.224981615362167631e+01,7.429369008006380115e-01
1.226480980864446835e+01,7.429068845102066998e-01
1.227980346366726039e+01,7.428770950179183208e-01
1.229479711869005421e+01,7.428475588962536458e-01
1.230979077371284625e+01,7.428182293928898838e-01
1.232478442873564006e+01,7.427891380624940254e-01
1.233977808375843210e+01,7.427591545987832777e-01
1.235477173878122414e+01,7.427258910368590428e-01
1.236976539380401796e+01,7.426919128305284890e-01
1.238475904882681000e+01,7.426582521944337101e-01
1.239975270384960382e+01,7.426248521122299495e-01
1.241474635887239586e+01,7.425917117311000570e-01
1.242974001389518790e+01,7.425588391923076959e-01
1.244473366891798172e+01,7.425262584009475475e-01
1.245972732394077376e+01,7.424939283959381964e-01
1.247472097896356757e+01,7.424618476811543077e-01
1.248971463398635962e+01,7.424300140836028739e-01
1.250470828900915166e+01,7.423927647691875853e-01
1.251970194403194547e+01,7.423538274276257898e-01
1.253469559905473751e+01,7.423152567041892969e-01
1.254968925407752955e+01,7.422770383030716790e-01
1.256468290910032337e+01,7.422391406422370608e-01
1.257967656412311541e+01,7.422015600890617959e-01
1.259467021914590923e+01,7.421642924276512510e-01
1.260966387416870127e+01,7.421273332757629682e-01
1.262465752919149331e+01,7.420906780708806938e-01
1.263965118421428713e+01,7.420543220622581870e-01
1.265464483923707917e+01,7.420182603023579571e-01
1.266963849425987299e+01,7.419819191487818655e-01
1.268463214928266503e+01,7.419406798978456230e-01
1.269962580430545707e+01,7.418946001420866354e-01
1.271461945932825088e+01,7.418490344326431618e-01
1.272961311435104292e+01,7.418038746963666608e-01
1.274460676937383674e+01,7.417591133885113042e-01
1.275960042439662878e+01,7.417147410873871083e-01
1.277459407941942082e+01,7.416707479970785499e-01
1.278958773444221464e+01,7.416271239041324348e-01
1.280458138946500668e+01,7.415838581557386844e-01
1.281957504448780050e+01,7.415410407110951674e-01
1.283456869951059254e+01,7.414985958710401670e-01
1.284956235453338458e+01,7.414564877639919782e-01
1.286455600955617840e+01,7.414147046322586698e-01
1.287954966457897044e+01,7.413732338064119576e-01
1.289454331960176425e+01,7.413322380880451590e-01
1.290953697462455629e+01,7.412831204691855413e-01
1.292453062964734833e+01,7.412306640824131154e-01
1.293952428467014215e+01,7.411786924960249712e-01
1.295451793969293419e+01,7.411273985618384019e-01
1.296951159471572801e+01,7.410764813405199547e-01
1.298450524973852005e+01,7.410259219451581503e-01
1.299949890476131209e+01,7.409759710669823196e-01
1.301449255978410591e+01,7.409264547527193434e-01
1.302948621480689795e+01,7.408772471650750813e-01
1.304447986982969176e+01,7.408286240395158817e-01
1.305947352485248381e+01,7.407760497719811932e-01
1.307446717987527585e+01,7.407208203212011233e-01
1.308946083489806966e+01,7.406600774863771885e-01
1.310445448992086170e+01,7.405998222758781724e-01
1.311944814494365552e+01,7.405400747084739388e-01
1.313444179996644756e+01,7.404811290259296630e-01
1.314943545498923960e+01,7.404224212700765140e-01
1.316442911001203342e+01,7.403646099905156763e-01
1.317942276503482546e+01,7.403071212782361687e-01
1.319441642005761928e+01,7.402502268315327427e-01
1.320941007508041132e+01,7.401939133105071011e-01
1.322440373010320336e+01,7.401379417847108177e-01
1.323939738512599718e+01,7.400827533395376578e-01
1.325439104014878922e+01,7.400277107983070923e-01
1.326938469517158303e+01,7.399615560992688357e-01
1.328437835019437507e+01,7.398942286310730143e-01
1.329937200521716711e+01,7.398282780459513042e-01
1.331436566023996093e+01,7.397622492825313145e-01
1.332935931526275297e+01,7.396975974573557489e-01
1.334435297028554679e+01,7.396328569741040804e-01
1.335934662530833883e+01,7.395665481460312884e-01
1.337434028033113087e+01,7.395000336223027659e-01
1.338933393535392469e+01,7.394274504110336377e-01
1.340432759037671673e+01,7.393534029865839186e-01
1.341932124539951054e+01,7.392804452121182202e-01
1.343431490042230259e+01,7.392080868498286383e-01
1.344930855544509463e+01,7.391362909816600046e-01
1.346430221046788844e+01,7.390656045126656748e-01
1.347929586549068048e+01,7.389946887647844687e-01
1.349428952051347430e+01,7.389177555136400288e-01
1.350928317553626634e+01,7.388407958253054852e-01
1.352427683055905838e+01,7.387605046498210148e-01
1.353927048558185220e+01,7.386779245815546791e-01
1.355426414060464424e+01,7.385954427728227412e-01
1.356925779562743806e+01,7.385151407892153186e-01
1.358425145065023010e+01,7.384346894643748493e-01
1.359924510567302214e+01,7.383552641951336426e-01
1.361423876069581596e+01,7.382770544767555121e-01
1.362923241571860800e+01,7.381987141192472013e-01
1.364422607074140181e+01,7.381105500134726993e-01
1.365921972576419385e+01,7.380189280792069928e-01
1.367421338078698589e+01,7.379272314842784120e-01
1.368920703580977971e+01,7.378337492199323888e-01
1.370420069083257175e+01,7.377399775509480007e-01
1.371919434585536557e+01,7.376460836657487974e-01
1.373418800087815761e+01,7.375552096615221043e-01
1.374918165590094965e+01,7.374643951980394130e-01
1.376417531092374347e+01,7.373734585501348082e-01
1.377916896594653551e+01,7.372851992148137246e-01
1.379416262096932932e+01,7.371973547952251904e-01
1.380915627599212137e+01,7.371093881626369360e-01
1.382414993101491341e+01,7.370102319393201373e-01
1.383914358603770722e+01,7.369029720848023768e-01
1.385413724106049926e+01,7.367956996373770107e-01
1.386913089608329308e+01,7.366889962797469327e-01
1.388412455110608512e+01,7.365859715069158487e-01
1.389911820612887716e+01,7.364827652378682643e-01
1.391411186115167098e+01,7.363794348984460392e-01
1.392910551617446302e+01,7.362714911224294001e-01
1.394409917119725684e+01,7.361598033025403831e-01
1.395909282622004888e+01,7.360480400444392446e-01
1.397408648124284092e+01,7.359361469605512074e-01
1.398908013626563474e+01,7.358191763952810494e-01
1.400407379128842678e+01,7.357003830181414461e-01
1.401906744631122059e+01,7.355814829909034236e-01
1.403406110133401263e+01,7.354624509370748520e-01
1.404905475635680467e+01,7.353474181145623900e-01
1.406404841137959849e+01,7.352340207774403780e-01
1.407904206640239053e+01,7.351204725133936302e-01
1.409403572142518435e+01,7.350067999529148466e-01
1.410902937644797639e+01,7.348823540118828435e-01
1.412402303147076843e+01,7.347412352730872120e-01
1.413901668649356225e+01,7.346002237141526781e-01
1.415401034151635429e+01,7.344590702939035598e-01
1.416900399653914810e+01,7.343177788563982622e-01
1.418399765156194015e+01,7.341828354094641629e-01
1.419899130658473219e+01,7.340494098920901100e-01
1.421398496160752600e+01,7.339158293644872932e-01
1.422897861663031804e+01,7.337821187968365244e-01
1.424397227165311186e+01,7.336482779470377968e-01
1.425896592667590390e+01,7.335002678729848347e-01
1.427395958169869594e+01,7.333497627987450862e-01
1.428895323672148976e+01,7.331991596271673073e-01
1.430394689174428180e+01,7.330484229232767657e-01
1.431894054676707562e+01,7.328975533670143427e-01
1.433393420178986766e+01,7.327401618369131509e-01
1.434892785681265970e+01,7.325765156777537257e-01
1.436392151183545352e+01,7.324128273785641685e-01
1.437891516685824556e+01,7.322490048778484972e-01
1.439390882188103760e+01,7.320850497148909675e-01
1.440890247690383141e+01,7.319209620393261062e-01
1.442389613192662345e+01,7.317652866512992516e-01
1.443888978694941727e+01,7.316129567686130430e-01
1.445388344197220931e+01,7.314604508028199614e-01
1.446887709699500135e+01,7.313078211793341277e-01
1.448387075201779517e+01,7.311550672674458351e-01
1.449886440704058721e+01,7.310021892240345931e-01
1.451385806206338103e+01,7.308340459366190478e-01
1.452885171708617307e+01,7.306386601787258073e-01
1.454384537210896511e+01,7.304463561775530467e-01
1.455883902713175893e+01,7.302561203000967893e-01
1.457383268215455097e+01,7.300683308951064765e-01
1.458882633717734478e+01,7.298827069700200010e-01
1.460381999220013682e+01,7.296992097471274308e-01
1.461881364722292886e+01,7.295180818489080954e-01
1.463380730224572268e+01,7.293389393796710918e-01
1.464880095726851472e+01,7.291405881542663003e-01
1.466379461229130854e+01,7.289183550699007696e-01
1.467878826731410058e+01,7.286991163849356745e-01
1.469378192233689262e+01,7.284824513170904403e-01
1.470877557735968644e+01,7.282685946946455546e-01
1.472376923238247848e+01,7.280574283386396228e-01
1.473876288740527229e+01,7.278487488919941351e-01
1.475375654242806434e+01,7.276425350861077668e-01
1.476875019745085638e+01,7.274387624227459659e-01
1.478374385247365019e+01,7.272375033784809206e-01
1.479873750749644223e+01,7.270283309330116683e-01
1.481373116251923605e+01,7.267669274696804127e-01
1.482872481754202809e+01,7.265096203266790953e-01
1.484371847256482013e+01,7.262555319261732034e-01
1.485871212758761395e+01,7.260046325435010051e-01
1.487370578261040599e+01,7.257568788797661430e-01
1.488869943763319981e+01,7.255122267927998081e-01
1.490369309265599185e+01,7.252706310549920099e-01
1.491868674767878389e+01,7.250320453005315580e-01
1.493368040270157771e+01,7.247964219666104269e-01
1.494867405772436975e+01,7.245637122311942013e-01
1.496366771274716356e+01,7.243338659470655028e-01
1.497866136776995560e+01,7.240816378555234856e-01
